0 0
0 0.523599
1.0472 0.523599
2.0944 0.523599
3.14159 0.523599
4.18879 0.523599
5.23599 0.523599
0 1.0472
0.628319 1.0472
1.25664 1.0472
1.88496 1.0472
2.51327 1.0472
3.14159 1.0472
3.76991 1.0472
4.39823 1.0472
5.02655 1.0472
5.65487 1.0472
6.28319 1.0472
0 1.5708
0.523599 1.5708
1.0472 1.5708
1.5708 1.5708
2.0944 1.5708
2.61799 1.5708
3.14159 1.5708
3.66519 1.5708
4.18879 1.5708
4.71239 1.5708
5.23599 1.5708
5.75959 1.5708
0 2.0944
0.628319 2.0944
1.25664 2.0944
1.88496 2.0944
2.51327 2.0944
3.14159 2.0944
3.76991 2.0944
4.39823 2.0944
5.02655 2.0944
5.65487 2.0944
6.28319 2.0944
0 2.61799
1.0472 2.61799
2.0944 2.61799
3.14159 2.61799
4.18879 2.61799
5.23599 2.61799
