52.4705	-82.466	-21.1234
16.5656	-78.5043	59.688
67.672	-41.9702	-60.4897
-43.0608	72.5802	53.6459
-17.2613	97.9058	10.794
-95.6486	13.6762	25.7742
-66.0057	75.0737	2.68018
52.9413	-16.3856	83.239
-59.257	-67.8225	43.4594
61.5056	75.8905	21.3938
85.316	8.7687	-51.4226
51.6463	60.2638	60.8354
54.236	81.6454	-19.8111
42.6933	45.3438	-78.2382
82.6107	-0.558684	-56.3486
-73.243	-5.96441	67.8224
-69.3739	-59.356	-40.7937
-64.8435	-75.9719	4.85744
-32.5212	1.31203	94.555
-22.1716	81.0125	54.2715
-82.9919	-14.0788	53.9828
-50.369	36.485	78.3059
-19.8543	93.4616	-29.5083
19.357	-51.0096	83.8053
39.7196	18.6161	89.8654
-55.3428	-9.12043	-82.7888
33.5699	88.3592	32.6454
73.5368	-60.6547	-30.2214
25.7692	10.9924	-95.9954
-46.9198	12.772	-87.3808
2.4843	33.6745	94.1268
58.2042	-41.0667	70.184
-10.419	99.1373	7.95207
-60.4556	60.2988	52.0497
-93.9139	-7.41192	33.5448
-38.0886	-7.66491	-92.1439
-46.5855	19.2493	86.367
81.3617	-37.782	44.1905
-18.7908	85.8543	47.7069
-60.9764	-73.6873	-29.1903
-28.3201	-68.8116	-66.8052
-60.4276	23.8792	76.015
44.9024	-82.6581	-33.9326
8.13349	61.1896	78.6745
-54.6981	74.9286	37.334
94.7574	-26.5847	17.728
-38.3229	-58.1843	71.7353
-49.2326	19.6503	84.794
-62.4067	46.2847	62.9534
-22.8769	-52.1606	82.1944
-81.7812	9.03381	-56.835
51.5917	-16.673	84.0257
38.821	51.8131	76.2124
-62.6299	-76.7612	-13.6093
-65.6927	-61.3765	-43.7881
20.6983	-89.9371	-38.5084
-79.0714	27.3315	-54.7787
34.2051	82.6267	-44.7531
-92.4602	-34.238	-16.6997
28.1356	50.8804	81.3608
52.92	40.0835	-74.7849
-85.3237	2.44335	52.095
49.0776	-4.71673	87.0008
-38.927	-89.1004	-23.3623
-0.139288	-96.4884	-26.2673
-23.1339	81.2248	-53.5477
-74.1192	-43.5127	-51.1175
50.9773	72.4265	46.4297
57.0784	57.42	58.6941
44.7929	74.7743	49.0143
38.858	19.6547	90.0208
94.5146	32.379	4.31268
38.2018	76.4063	-51.9875
26.185	-84.5531	46.5309
-19.6728	-29.5682	93.481
-54.6912	-65.6536	51.947
56.8734	37.8624	-73.0195
-53.2749	-6.80149	-84.3536
73.0306	34.3131	-59.069
-74.6432	18.4568	63.9355
-76.9887	-38.2084	51.1162
69.0638	23.3741	-68.4386
80.642	-0.00368544	-59.1343
51.0344	-42.2437	-74.9063
45.2219	-0.625667	-89.1885
35.5916	-37.6448	-85.5342
53.2781	1.39344	84.6138
-63.9015	-42.7799	-63.9255
50.6786	83.4412	-21.662
65.6904	-39.9571	63.939
-62.9535	76.9848	10.497
-87.407	-47.6452	-9.48483
-22.9636	-55.3277	-80.072
-84.1424	-16.4939	51.4588
-5.87586	16.5505	98.4457
-58.0292	-30.4782	75.5228
-1.33027	-96.6101	25.782
84.7126	19.1709	49.5606
26.251	-45.5311	85.0753
52.4143	-53.5659	66.2075
86.5775	-11.2506	48.7622
20.8641	-14.4947	96.7191
-49.8832	-86.6681	-0.548296
38.66	64.4134	66.0024
40.8556	-34.2561	-84.6011
-50.8991	-69.7855	-50.3912
-57.7402	-61.0852	-54.1726
-28.4097	-88.608	-36.6266
-40.0662	74.2258	-53.7144
86.1166	43.3082	26.6144
15.7061	94.0196	30.2264
-33.2237	-2.23397	94.2931
-18.684	97.8053	9.22138
-12.1638	-62.209	-77.3439
-96.6991	17.5141	18.508
93.4882	-34.1115	-9.81649
-37.1061	61.5448	69.5369
-10.4034	4.53981	-99.3537
-55.0781	81.1077	19.6963
42.2886	-73.3425	-53.2217
-45.1064	-89.184	-3.40994
-91.4853	10.4287	-39.0089
-18.2311	-75.0786	-63.4888
-28.5514	-27.4334	-91.8271
-78.8857	47.3356	39.1968
-44.2167	-85.3644	27.528
-44.4659	63.5945	-63.0755
-74.8633	-61.2268	25.4316
-11.3451	-93.2367	-34.3251
-4.8234	-80.1851	-59.5574
81.6843	-44.2976	36.9513
-49.9866	-71.7254	-48.5469
-55.3844	-11.448	-82.4713
-4.32332	65.4566	75.4768
-22.7726	-53.6612	-81.252
73.5475	61.8433	-27.6798
-87.0601	-45.5302	18.6423
-45.374	-78.4641	-42.2444
14.6041	-89.4169	-42.3241
-37.6247	68.8055	-62.0498
11.8852	-1.17154	-99.2843
43.9978	-83.2359	-33.7042
37.5545	91.8061	-12.7006
52.7551	-14.0282	83.7861
8.5586	-91.3319	39.8151
67.2196	64.0381	37.1572
-62.3107	55.7525	54.8547
51.8869	-19.4016	83.2546
52.0734	-61.4248	-59.2904
26.962	-95.8161	9.60841
-17.1743	56.0913	80.9865
55.9618	-35.6912	74.7958
-98.8252	1.15282	15.2399
46.4804	76.1244	-45.2178
65.9246	-75.1774	-1.52024
-69.7623	16.2108	69.7884
-90.8206	2.2962	-41.7893
39.3613	84.2248	36.8357
-9.72919	-68.5141	-72.1884
-79.7292	-60.3403	-1.51566
47.0026	-76.021	44.8504
36.2328	74.8001	-55.6069
-65.2828	0.605013	-75.7482
62.0243	73.3071	-27.9115
-22.8198	44.9212	86.3791
81.3781	-52.7382	24.4191
40.0312	-65.9492	63.6255
-94.3674	2.32831	-33.0057
-74.6763	58.4325	31.7662
-67.8927	-55.3673	-48.2188
30.1677	42.2043	-85.491
74.4531	59.9161	29.4415
-59.3083	68.4787	-42.3461
-28.1698	50.2004	-81.7703
-44.4135	21.8177	86.8989
-76.418	-44.2714	-46.9077
-46.2173	-71.5741	52.3556
-72.5843	5.74626	-68.5456
71.8079	-64.8996	25.1331
-80.6507	-9.01385	-58.4313
-92.5066	-34.9953	-14.7601
47.0552	-85.6718	-21.1223
3.34111	93.6909	-34.7973
-12.4253	-95.2713	27.7308
94.1936	-8.9972	-32.3514
54.8526	-41.1524	-72.7851
-12.424	7.79852	-98.9183
17.3541	-81.7761	54.8772
-17.2695	61.3395	-77.0664
59.5458	-67.0862	44.2012
94.7721	30.2429	-10.179
90.6162	-7.72416	41.5818
24.2982	96.8625	-5.2212
38.6327	-43.7202	-81.2161
78.8095	56.9256	-23.4208
-30.3346	89.9575	31.424
24.5394	-63.0245	-73.6596
42.64	14.3027	-89.3155
-79.8288	21.7227	56.1737
-35.361	-92.8312	-11.488
72.0909	66.9441	17.9273
-87.8833	-47.3368	5.97984
-79.4763	-54.0447	-27.6166
-21.0389	59.2717	77.7447
-74.2837	11.0086	-66.0359
-77.0575	-63.5265	5.14942
-71.9872	-66.6911	19.2392
7.70482	74.7643	65.9617
53.9936	25.4448	-80.2325
66.6086	-34.6126	-66.0701
-83.0311	9.57199	-54.9018
42.1323	-80.4659	-41.8343
-40.7879	51.1135	75.6555
-43.3565	64.4478	62.9817
-20.2204	-31.4872	-92.7345
-3.89745	82.9923	55.6515
-52.0336	-52.6675	67.2207
-29.6531	77.5065	-55.7981
31.2604	92.2879	22.4884
72.3008	59.6081	34.921
18.0891	-88.0128	43.8924
30.0859	93.2968	-19.7625
-39.743	90.8091	-13.1983
11.5972	96.6611	-22.8504
-70.7934	-14.821	-69.0552
-22.5347	-8.1766	-97.0841
-70.9332	66.4312	-23.5666
-30.0239	82.7289	47.4815
-6.25719	95.21	29.9318
-51.4733	-17.5568	83.9182
-30.727	-72.23	61.9571
-29.822	-87.7277	-37.6099
-9.40202	-12.2618	-98.799
-71.0372	-14.9251	68.7819
-70.5025	-64.9227	28.5385
-97.346	-11.3756	-19.8582
-58.2434	68.4952	43.7734
29.9385	-88.5381	35.5625
20.4421	29.2327	-93.4215
85.5394	36.1013	37.1444
37.1039	89.7622	23.7917
-30.438	-94.2841	13.5662
15.0682	0.106558	-98.8582
-29.8983	82.6568	-47.6859
-39.1567	-57.9045	71.511
39.7508	86.0996	-31.7291
-32.3724	-56.6225	75.8019
-52.954	-76.1613	-37.3541
58.411	-51.4875	-62.747
55.0904	83.454	0.692197
44.5658	-82.339	35.1308
64.8062	-44.5385	-61.7777
-71.8245	56.0598	41.2133
67.6539	-73.028	9.47942
-3.47858	-50.0618	86.4969
5.52283	51.8731	85.3152
-47.2768	-15.8363	86.684
-99.3844	3.49433	10.5137
74.269	-29.8767	59.9291
38.5104	-90.3314	18.8995
-7.53167	-11.419	99.06
86.1367	-36.7292	-35.0917
69.2746	-69.879	17.8313
-55.4165	-65.1081	51.8647
12.8435	-79.7256	58.982
-7.84722	97.4814	20.8758
-73.315	13.7166	-66.6091
19.2643	-65.5545	73.0171
65.9428	-67.6038	32.8829
-83.0925	50.9319	22.3961
-78.4766	-54.7123	29.1203
-69.0119	-17.0534	-70.3316
-31.3965	-17.0097	-93.4073
-30.3375	-95.2179	3.63013
49.5825	-86.7901	3.00982
75.9645	65.0019	-2.038
-42.8731	-2.79164	-90.3001
38.279	-89.4571	-23.0683
-64.5722	-75.7544	-9.57552
60.854	77.4246	-17.3844
1.83183	98.229	-18.6467
89.4927	9.85538	43.5193
-69.7727	-34.8474	62.5894
-86.3127	-49.3626	-10.6515
-13.7333	1.96677	99.033
48.9097	18.9123	-85.1479
-62.1599	-75.8789	19.456
14.1869	81.5964	-56.0424
-36.3282	-38.8039	84.7025
-7.55067	-99.4374	-7.42955
-66.0523	26.8451	70.1173
42.1023	-12.9056	89.7822
68.113	-50.0876	53.4027
-49.9926	86.2945	7.3485
19.2517	98.0266	-4.48975
94.8527	-30.9385	-6.76628
26.5894	-23.6452	93.4554
40.283	91.1419	-8.3922
15.9725	-83.097	53.2895
72.2694	-49.2599	-48.4829
2.73382	-37.404	92.701
-48.2416	85.3906	-19.5242
-92.2433	-37.0484	10.8896
-56.5753	-54.5956	-61.7945
-95.0871	13.2523	-27.979
-31.4161	-45.5344	83.3045
23.8865	94.7385	21.3084
41.4742	-46.7862	-78.0445
-55.9477	56.9726	-60.1995
-59.4842	-78.2174	18.5384
-43.6929	-87.8617	19.2681
92.5453	35.8769	12.1744
-78.9758	-33.3641	-51.4748
94.328	11.2611	-31.2317
53.0117	3.02548	84.7385
-67.5752	-50.0276	54.1372
37.8898	-32.4862	86.6545
46.227	88.0615	-10.4037
-80.4664	6.22079	59.0463
-23.3824	-27.9086	93.1363
51.0003	75.3868	-41.4222
71.1377	-64.973	-26.7944
70.0991	-51.3142	49.5276
-88.0713	13.4927	-45.4026
61.8835	-21.5619	-75.5348
64.4017	-72.4248	24.6389
-10.3334	-51.8061	84.9079
36.2363	82.407	-43.5432
40.0031	69.7914	-59.4046
-53.5027	-54.2642	-64.7522
58.6661	59.9097	-54.4896
22.0987	-7.65556	-97.2267
34.5386	55.0523	-76.0021
-92.7545	22.671	29.709
51.8829	-30.5868	-79.8286
-38.5824	-33.683	-85.8886
-78.528	61.9099	-0.713807
-83.9117	35.3242	-41.3645
2.10687	56.506	82.4781
-71.8797	-31.7313	-61.8582
96.7191	21.4383	-13.6313
33.6913	-79.3523	50.6765
-5.57909	7.06492	99.594
97.3913	22.1981	4.70968
28.7034	90.1613	32.3583
-29.1267	-89.2356	-34.4768
73.4074	-61.2403	29.3424
-23.7355	36.6424	-89.9664
8.32641	-79.0589	60.666
-29.4994	-88.3514	36.3843
76.4343	-52.5179	-37.4121
1.42414	-91.4589	-40.4134
28.5401	-72.926	-62.1873
-37.8102	-24.3667	-89.3121
58.5127	43.3342	-68.545
2.5214	68.5476	-72.7659
-39.6262	-24.8406	-88.3895
34.8995	-29.0371	89.1003
49.3818	18.1376	85.0439
-85.7452	16.888	-48.6062
-64.0012	-38.9499	-66.2326
-86.1103	-50.6227	-4.72907
20.949	-47.9562	85.2135
-97.2713	-16.3613	16.45
-10.7852	-82.8484	-54.9529
-8.5693	95.9832	26.717
-24.859	-6.07971	-96.6699
86.5567	-39.7271	-30.4908
27.4399	96.055	4.52573
-74.9773	53.7684	-38.5663
-40.7974	-86.5622	29.0268
-83.1288	30.9123	-46.1955
-27.3249	-90.2017	-33.4216
18.9036	83.3972	51.8417
-4.73859	92.8955	36.7148
71.984	7.34219	69.0246
58.7661	-78.3609	20.1525
-40.8931	84.8489	33.592
-70.7863	-12.0472	69.6
-0.115252	87.3098	-48.7544
89.5614	44.3901	2.87644
75.0407	-62.2286	22.2822
-75.1633	-14.8441	64.2662
85.167	-22.4636	47.3494
-53.4377	79.7481	-28.0116
29.3699	8.31611	-95.2274
99.9167	3.18789	-2.54917
-24.2016	87.6319	41.6525
42.656	-90.4338	1.48191
-52.5973	10.9026	-84.3484
36.2179	93.1535	-3.27033
36.1173	-18.8682	-91.3211
74.1859	43.5036	-51.0283
-23.4413	-94.6336	22.2482
32.0881	21.1815	92.313
50.0834	-55.0629	-66.7812
-84.7679	12.9094	51.4564
2.86324	-16.403	-98.604
-77.5789	-41.7725	47.2924
-2.10649	-53.4123	84.5144
67.2431	46.5708	57.5285
57.0044	-19.9444	-79.7039
-13.2942	84.2919	-52.1358
21.5039	-54.5708	-80.9915
-1.83941	-89.5057	-44.5573
22.4022	42.8299	87.5428
4.03041	-58.9671	-80.6637
71.8199	-8.56553	69.0546
-50.2054	77.445	38.4927
-95.458	26.7512	-13.1204
-53.0821	-77.091	-35.2034
-54.2884	-39.6996	-74.0048
84.6079	47.3932	-24.4006
61.7811	71.8377	31.9755
48.7768	42.7087	76.1366
-70.8796	-40.399	-57.8274
-49.013	-86.9733	5.77697
-17.6698	42.7779	88.6444
7.47329	-65.0492	-75.5828
97.0803	23.8009	2.98719
-65.8715	48.3028	-57.6869
-70.1288	21.5024	-67.9676
-35.4705	92.5545	-13.2483
95.3517	3.25737	29.9573
69.9623	71.0448	-7.61019
71.4977	41.7907	56.0501
20.8023	-90.5706	36.9354
57.358	-36.2865	73.4395
39.1601	16.2708	-90.5635
-75.2541	-12.9267	-64.5734
56.153	-27.3496	-78.0951
-74.8183	63.4989	19.2383
-59.1048	-70.0085	40.0679
-95.2434	-24.0802	-18.677
43.418	-88.7328	15.5357
73.1913	-39.3138	-55.6548
23.6229	-93.856	-25.1598
-43.7245	40.095	-80.5019
34.7007	-91.0385	-22.5355
-0.848609	-49.5858	86.8362
43.7288	-60.771	66.2924
-21.3374	-93.8803	27.0408
-96.3448	-9.80287	24.9316
-98.7387	-1.48958	15.7625
-15.9527	-29.8296	-94.1048
3.65939	-97.9232	19.9413
45.0898	53.8127	-71.2117
27.74	78.4362	55.482
49.2642	-73.1996	47.0623
37.9716	86.2931	33.3414
-23.6938	56.7081	-78.8847
46.3034	-39.0802	-79.5533
-88.109	11.2563	-45.9359
28.1283	86.0614	-42.4527
-24.5661	-37.4715	89.4002
17.5518	98.4379	1.38293
8.6852	-48.0473	87.2698
57.1755	71.0171	-41.0797
-88.7844	-35.8036	28.904
59.1723	-60.3642	-53.4304
-44.3957	-85.7885	25.8719
38.6602	-67.7252	62.5994
4.85078	-32.8967	-94.3095
-81.9316	-52.2895	23.5164
7.21967	-83.2788	54.8865
-11.3817	52.0091	-84.6493
55.1136	-51.7499	-65.4556
41.4217	86.5901	-28.0428
-90.8667	33.9823	-24.2579
-36.1282	-48.1319	-79.8629
-30.8596	59.9021	73.888
-47.6582	-38.2305	-79.1652
29.7499	-81.3668	49.9438
-77.5396	57.2527	-26.6407
-70.0756	54.8953	-45.5621
-40.8647	-29.5505	-86.353
80.717	-57.4533	-13.5602
68.7883	-63.6025	34.9699
-96.8032	24.433	-5.67224
-21.9828	80.4915	-55.1169
2.43918	98.7857	15.3442
-20.978	62.9863	-74.784
-0.349994	-99.9206	-3.9689
-78.5397	6.99356	-61.5028
42.9694	-52.7016	-73.3224
-20.7896	74.7538	-63.0845
59.7842	1.06233	80.1544
-18.968	76.3573	61.7234
-54.2566	-75.1636	37.5054
18.6732	36.8844	-91.0541
80.8481	-20.9123	55.0115
52.4387	45.052	72.253
4.03132	14.6479	98.8392
-91.7782	-21.1905	33.5817
-73.6508	16.058	65.7093
70.6245	-56.7099	42.3812
-65.4197	44.2989	-61.3015
37.9779	-61.5523	-69.0579
-43.1955	-83.0242	-35.2297
-57.2228	81.7513	6.50283
-92.5352	25.4778	28.0736
-20.4647	-97.5572	-7.98651
-14.737	-3.89646	-98.8314
-9.21974	78.1749	-61.6739
-34.6174	-93.1484	-11.1805
8.14895	94.8482	30.6173
18.3643	93.5662	-30.1352
-98.5092	-8.90689	-14.7177
-24.2707	36.4377	-89.9067
65.1652	43.8803	61.871
16.6385	-15.8201	97.3287
-89.4104	-12.0152	-43.144
40.7817	86.8584	-28.1507
-65.5357	26.4297	70.7569
-33.463	-74.8606	57.2373
-52.4813	45.5131	-71.9324
-54.5239	27.114	-79.322
-28.5557	-20.8581	93.5388
52.1857	42.75	73.8179
42.9404	67.0325	60.5207
-37.8157	90.1926	-20.8632
-95.9481	27.425	6.46838
-1.06929	-34.0775	94.0084
54.9151	-14.5595	-82.2943
44.4642	5.76148	-89.3853
48.1697	-35.9862	79.9042
95.627	24.3717	-16.1712
33.4674	75.7671	-56.0293
17.2001	-95.3994	24.5583
89.2201	44.5022	-7.70222
-83.8165	53.9499	-8.0127
-59.4764	-44.2637	67.1065
-74.0573	-31.127	-59.5535
30.8063	-88.656	34.512
34.2225	16.4524	92.5102
-96.1135	15.1217	-23.0982
-31.9076	39.4524	86.1709
52.7373	-30.3669	-79.3513
53.6178	-38.4965	75.1209
19.2546	50.2592	84.2809
51.4954	-24.7569	-82.069
15.0815	-31.5722	93.6789
-13.6964	-0.757943	-99.0547
34.2358	83.7638	-42.5621
-61.1863	-63.1531	-47.6228
-0.311582	-37.5028	-92.7008
-16.8069	-93.9339	-29.8989
62.6462	-65.0309	-42.9702
-88.5612	-30.4688	35.051
93.4729	-25.4397	24.8119
-64.212	-75.4757	-13.4254
12.5401	0.67579	99.2083
-34.4308	39.6894	85.0839
71.609	51.5371	-47.0752
28.6291	-86.2212	-41.7886
34.7483	81.7438	45.9403
-12.1664	11.3231	-98.6092
-20.0874	-59.3949	77.9022
63.3076	4.65463	77.2689
42.6876	86.0391	27.8397
31.3625	42.1724	85.0757
-30.2689	-60.0519	74.0105
-16.1177	98.2299	9.54457
42.284	62.3889	65.7243
10.6953	62.3867	-77.4178
-66.1968	20.2825	72.1568
-95.6024	-28.2865	-7.75005
35.6837	-44.9297	81.9024
-31.0142	26.77	91.2222
35.831	69.3881	-62.4614
1.7085	95.9944	-27.9671
83.9422	-47.9539	25.576
-65.3085	72.1199	23.0982
-96.439	-10.5797	-24.2402
-92.1521	-1.06248	38.8182
94.7805	10.764	30.0131
-67.415	-62.8852	38.7384
-60.731	-7.71779	79.0707
5.04937	93.5148	35.064
-16.2381	-98.4155	-7.12142
18.1465	-74.0855	-64.6687
-42.9178	84.0002	-33.1968
-49.9678	-58.8076	-63.5994
1.25896	30.9399	-95.0849
63.7685	75.2489	-16.4673
22.8594	94.6099	-22.9437
11.6873	-66.1622	-74.0673
70.1687	5.81592	-71.0108
-3.03881	-99.7669	6.11044
-85.294	-12.8206	-50.6021
15.8095	98.3888	8.3486
57.8947	-43.7225	68.8226
9.0125	98.2057	-16.5653
-6.60671	-99.674	-4.63
83.3592	54.752	-7.3116
60.4547	-23.3916	76.145
-56.3174	-68.1613	-46.716
19.6888	87.4132	-44.3991
-94.4639	31.7317	-8.34629
-31.9497	93.1648	17.3073
71.0918	-70.2647	2.96976
93.6662	-16.7617	30.7519
-14.9689	-19.1761	96.9959
29.3843	-93.0034	-22.0667
-93.0382	-9.10821	-35.5098
-57.3145	-66.3904	48.035
65.6006	-75.1738	6.74233
-51.6953	-30.261	-80.0741
89.1607	-28.4232	-35.249
-36.1277	-18.8329	-91.3242
23.1443	-97.2203	3.54445
87.8992	-45.4125	-14.5409
14.7219	-67.5718	-72.231
-23.4203	-81.1827	-53.487
-14.4927	-10.1331	-98.424
42.0049	-90.5899	-5.3909
-80.5024	-11.5751	58.184
52.1752	53.3724	-66.5518
8.50761	-51.8192	85.1022
-85.1363	-31.8085	-41.7137
1.01176	79.0118	-61.2872
61.8714	12.4511	-77.5687
-13.8425	-96.2867	23.1789
22.2198	90.7559	35.6322
75.9032	-30.2463	57.6531
-15.8512	-87.6948	45.3692
-32.9626	89.8052	29.1288
32.4476	47.1954	-81.9741
14.9457	-67.8874	71.8883
-42.8493	87.1964	-23.6795
46.8967	-51.6556	-71.6407
59.6195	-77.2137	-21.9899
24.6079	-11.0708	96.2907
-85.0553	-32.0121	41.7231
53.0482	-35.1027	-77.1602
72.3669	0.021315	-69.0147
-12.431	32.7341	-93.6694
-3.93976	36.564	-92.9922
-59.9647	-79.9148	-4.22618
-22.5659	-95.847	17.4394
-10.653	98.5706	-13.052
-38.7411	91.0234	14.6244
87.3368	48.2886	-6.36308
-35.4487	-58.4645	72.9746
-11.0326	20.7973	97.1893
1.75448	79.2126	-61.0105
41.8964	43.3658	-79.7753
-41.0294	-24.2638	-87.9082
60.674	34.6467	-71.5421
2.43256	-20.2004	97.9083
-3.43487	84.209	53.8243
61.0442	78.1567	12.8503
30.8692	-93.4568	-17.6898
-80.7284	-58.1043	-10.3355
71.5834	-58.9018	-37.5019
71.0575	16.1268	-68.4891
-1.65975	-95.3519	-30.0875
-9.14967	-74.9869	65.5229
40.3526	-89.0035	-21.2144
-24.9237	-65.9424	-70.9254
-34.8767	32.8034	87.7927
-53.7463	84.315	1.52343
50.9164	13.1028	85.0637
-59.6994	-27.2156	-75.4672
86.1444	38.9659	-32.5699
71.292	60.6611	-35.1807
68.5975	54.0931	-48.6653
44.3596	-37.4801	81.4093
-49.1352	-87.061	-2.47224
-61.0492	78.329	11.729
30.232	-92.7891	-21.8224
-20.9838	-97.3137	9.47199
-5.96298	-99.255	-10.6248
-70.2187	70.2414	11.6395
27.0928	-42.2188	-86.5075
-23.8544	-79.4364	-55.8643
40.9373	1.65367	-91.2217
-5.72617	-41.7275	-90.6975
89.6275	-17.5595	-40.7257
18.3147	32.9098	-92.6365
-60.0989	-66.9056	-43.7236
-56.3208	67.2899	47.9588
-84.0558	-20.4902	-50.1476
-48.858	-64.5138	-58.744
-0.772011	-9.35829	-99.5582
9.33758	-99.2873	7.40604
-78.2212	62.1868	-3.77517
58.6913	34.407	-73.2904
89.6428	-43.5673	-8.12705
-30.1788	-78.7338	53.7609
-96.3979	-16.4041	-20.9368
99.5608	-6.58925	6.65052
-83.5287	33.5538	43.5557
-86.218	-47.233	-18.3166
86.3818	7.70033	49.7884
-89.9384	32.2303	29.5345
77.632	14.973	61.2297
-75.3124	64.3507	13.6759
34.2192	12.4195	-93.1386
12.5197	-80.1587	58.4623
97.0738	22.6715	7.91679
-47.3362	86.9547	-14.0773
97.6677	12.78	-17.2536
-40.6897	-17.0524	89.7416
60.8909	-62.3656	-49.0187
-19.8612	-95.9423	-20.0153
-53.4023	-73.7178	41.3991
52.1153	-23.2653	-82.1141
-89.0061	45.5106	2.58828
-99.2421	1.34299	-12.2152
-3.45653	46.2083	88.6163
77.8209	47.0829	-41.5585
-0.483513	-99.8642	-5.18749
50.7694	-60.9116	60.9281
-96.1391	-5.06002	27.0492
-81.6815	-56.9873	8.97709
23.7746	46.5372	85.2588
78.3067	-12.6559	-60.8924
-53.4439	84.1844	7.53196
50.5047	64.4773	-57.3756
18.2427	-66.5765	72.3517
-75.3197	-64.7767	-11.4423
-90.4245	-41.6887	9.24438
-15.7105	-3.22445	98.7055
31.8206	12.4056	-93.987
-85.0912	38.4515	-35.7907
98.5083	-16.7809	3.80956
-67.8298	-58.4898	44.4753
99.7695	-4.32212	-5.23182
-98.5622	-16.8937	0.295953
51.0242	41.7202	-75.2061
86.3797	25.9011	-43.2166
27.172	8.87843	-95.8272
-96.7512	12.5595	-21.9422
-90.4143	-34.8306	24.7403
-76.0105	-57.7533	-29.782
-82.0223	7.51446	-56.7086
12.328	-43.5777	-89.1572
7.46067	-93.4593	-34.7806
73.1117	22.6137	64.3684
-61.8172	78.5044	-3.96133
58.5888	73.4978	-34.1383
85.8805	-0.409919	51.2286
16.5133	5.55948	98.4703
12.3872	97.9734	15.7405
-94.6077	3.66898	-32.1858
-29.2063	-95.3014	8.0393
-61.7622	-60.2195	50.587
-56.2373	-22.7003	-79.5114
40.3443	50.83	-76.0832
-12.9902	-86.0122	49.327
-80.3063	14.9673	-57.6791
85.8574	-20.2755	-47.0895
-8.85331	88.7847	45.1542
-78.1401	-50.0373	-37.288
-42.8885	-13.2274	89.3623
25.0982	-88.9856	38.1003
-13.2389	79.9431	58.5989
-88.6562	30.8874	-34.439
20.606	-91.2551	35.3257
74.6789	-49.7248	-44.1645
97.1125	9.61048	21.8359
40.5647	-87.0927	27.7374
-62.8815	73.987	-23.9131
-5.57041	-99.839	1.06776
-99.7856	-0.0113958	-6.54517
-0.418346	33.7307	94.1385
-35.5112	-74.1044	-56.9868
4.23203	45.5179	88.9394
70.66	-27.5477	65.1789
-5.1841	99.8388	-2.31001
6.31407	-43.9584	-89.5979
18.6079	38.877	-90.2348
54.4083	-80.0547	25.1193
-68.9612	67.5625	26.0702
-29.0389	85.297	-43.3723
78.4872	-50.1367	-36.4152
69.3204	-55.6671	45.7805
83.8912	-23.4549	-49.1135
71.0129	58.2504	39.5482
5.98667	-97.3951	21.8712
10.9668	18.5479	-97.6509
-63.6017	-34.9902	68.7787
11.268	76.7895	63.0587
17.9379	-72.5254	-66.4703
-26.6953	-32.7638	-90.6305
-54.8053	-81.8524	-17.2212
60.3626	43.1974	67.01
-44.7802	10.6855	88.7725
-71.2077	17.9752	67.8701
-75.9829	-38.2433	52.5743
71.7795	69.5495	-3.25153
21.1095	11.7428	-97.0386
8.82591	36.9105	-92.5187
-11.2687	92.7653	-35.6036
-3.12815	-33.4212	-94.1979
54.463	-25.0716	80.0325
96.714	25.3222	2.27727
-3.30615	-88.4764	-46.4865
-46.238	88.4275	6.52932
-32.3882	13.9636	93.5736
-50.5731	-27.5935	-81.7372
-68.8053	63.1938	35.6703
64.8593	-32.3505	68.8964
-70.0769	-67.6651	-22.5978
-32.0913	-72.6905	-60.7145
46.5036	63.9069	61.2644
-35.7921	-76.2728	-53.8645
26.7389	-55.7932	78.563
-6.50126	56.9719	-81.9264
2.49005	11.0736	-99.3538
51.6889	48.1607	-70.7729
60.2438	-41.8372	-67.9731
-52.4501	-79.8707	29.4899
-22.4097	10.9432	96.8403
29.2504	62.2578	72.5836
81.6199	-25.3518	51.918
90.443	-26.7505	-33.2336
-59.9845	24.6518	76.1193
20.7027	42.8121	-87.9689
-7.61219	68.5277	72.4293
-4.07847	98.5446	-16.5021
-23.8619	-42.4319	87.3507
-59.6938	-80.2017	-2.08053
26.5584	-48.6217	83.2501
-36.0919	-19.8314	-91.1268
80.2203	-44.4429	39.8688
27.8844	71.0812	64.575
45.5852	-55.4724	69.6046
-88.9209	16.7748	-42.5638
47.1069	-82.9209	30.0842
48.3112	66.5815	56.8589
-51.6227	32.7558	-79.1338
52.9247	48.5399	69.5906
90.9282	-8.63758	-40.7119
72.8077	-47.4287	-49.4931
40.3024	62.2773	-67.0616
-36.43	-66.2891	65.4111
74.8634	55.4372	-36.3618
-20.6118	46.3058	86.2028
5.94324	60.6006	79.3237
71.3131	-11.1206	-69.2154
-61.2766	-42.1874	-66.8236
98.5455	-14.4695	-8.91168
99.06	8.67667	-10.5755
-3.34419	-72.0873	69.2259
50.6283	35.6029	78.5443
-68.2526	-73.0705	1.511
86.7544	-1.60737	49.7101
-16.3733	20.9699	96.396
84.6213	24.5795	-47.2767
7.82337	80.1508	-59.2844
-52.9079	25.587	80.9077
97.9794	19.0952	5.95081
16.2363	93.8271	-30.5427
-96.6207	24.3117	-8.56588
3.79741	99.1085	-12.7703
-56.1915	-47.1393	67.9735
-78.8975	-58.8743	17.5782
-27.3201	93.3594	23.1871
37.2855	8.33769	-92.4136
-65.9018	16.0124	-73.4885
52.5292	-24.4558	-81.5021
-32.9872	-39.9319	85.5412
7.14909	-11.1042	99.1241
53.5935	-34.1605	77.2062
-4.07526	70.1402	-71.16
78.39	49.478	37.5091
62.0227	19.6103	-75.9515
18.1464	87.0726	-45.7064
-91.5054	18.9325	35.6136
-12.1266	-89.804	42.2869
71.3608	62.2912	-32.0536
-85.52	-28.5625	43.2494
64.7473	-31.6577	69.3223
-18.7268	32.9847	92.5274
60.4927	-53.6412	58.8494
64.1509	43.7116	63.0394
66.8176	-57.6249	47.0614
-3.96885	-88.9324	45.5553
-11.385	-94.5466	30.5176
-14.9024	-12.9409	98.0329
26.4695	-87.4313	40.6832
-31.7135	-64.9516	69.1053
27.3718	-54.8587	79.0019
67.3983	60.9375	-41.7624
-64.7758	-32.025	69.1266
92.7066	1.52777	37.4588
39.274	91.3304	10.7849
-52.0385	36.0674	-77.4024
-71.5209	51.596	47.1445
80.2879	41.3065	-42.9841
-73.9397	-14.0899	-65.8361
79.6705	58.0956	-16.6588
60.4382	-40.4518	68.6358
59.1901	75.797	27.4108
-85.5937	2.27718	51.6579
-63.4348	-65.228	-41.4889
-89.423	21.9413	-39.0143
58.4051	68.892	-42.9271
26.9727	82.9034	-48.9847
-74.2709	-38.76	54.6031
79.6215	58.3924	15.8351
-87.5888	22.3078	-42.7851
45.97	50.9047	72.77
-80.3714	59.1201	6.72727
-80.9555	-58.4857	-5.06257
28.1038	-60.9969	-74.0915
-33.3087	-43.2244	83.7985
-95.2954	-28.4981	10.3266
7.06198	-92.1683	38.1461
32.8811	81.0869	-48.4123
-73.5697	24.4061	63.1811
-54.1817	-17.7906	82.1452
67.1805	63.7523	37.7152
31.0201	88.0503	-35.8456
78.6258	-29.0619	54.5288
34.2341	22.8862	-91.1276
-59.3488	79.7537	10.8194
-48.3932	87.4586	-3.01611
-77.2958	43.8016	45.8997
26.0614	3.05233	-96.496
20.9586	70.7859	67.4544
43.0719	57.0388	69.9384
3.62852	-92.1525	38.6621
-81.3328	58.0636	3.68711
-73.3923	65.4942	18.0024
12.3028	-73.5625	66.6123
-77.894	52.2832	-34.6264
-3.89709	-99.7807	5.35024
47.3187	4.60611	87.9757
22.7825	-32.4065	91.8192
-10.9677	-45.711	88.2622
49.0605	1.06614	-87.1317
-94.2812	2.72124	-33.2211
-53.5893	-17.1374	82.671
91.3201	38.4276	13.5634
80.3186	-37.2577	-46.4843
-44.3602	30.1112	-84.4126
54.4869	49.4358	-67.7294
13.3011	-99.0417	3.71914
-30.9291	-65.5009	-68.9422
77.3072	62.823	-8.7675
99.6901	-7.31043	2.90497
18.2493	-86.6685	46.4277
77.545	20.5742	59.6949
-29.5903	-55.4781	77.7599
4.62604	-97.1872	-23.0922
41.1407	-74.7128	52.2057
-88.921	29.5853	-34.8964
7.12617	4.83789	99.6284
5.09995	72.829	-68.3368
-68.7263	-30.2331	-66.0504
-29.9646	15.0564	94.2095
1.44905	99.6161	8.63297
18.3574	20.1491	-96.2134
72.3045	29.5566	62.4377
34.4633	66.8281	-65.9264
-8.48986	73.305	-67.4855
-17.5634	-40.5116	-89.7237
70.37	-54.7902	45.2338
58.1798	-80.231	13.3456
-73.2724	-64.572	21.4853
94.7715	-29.9617	-10.9843
-66.3792	72.0762	-19.9704
12.8702	-98.8975	-7.32437
-15.5478	11.5535	-98.106
-26.7976	-25.7066	92.8497
18.3181	38.4368	-90.4824
90.8621	-39.1197	-14.6193
-42.2952	-27.1228	-86.4608
-89.7724	31.7883	30.5027
70.7157	-66.5036	24.0117
31.4177	-63.7448	-70.3529
20.3564	-97.8938	1.55495
29.1065	88.8527	35.4683
4.36805	43.1502	-90.1054
2.66847	71.5772	69.7824
-43.7829	-66.1079	-60.9327
-8.57984	30.2468	-94.929
-40.5746	-27.7551	-87.0825
-15.6925	1.1128	98.7548
56.0196	28.1269	-77.9146
83.9696	-22.676	-49.3448
33.7304	51.7136	78.6636
-36.8456	-78.5301	49.7537
64.3921	-16.0968	-74.7968
-59.5272	42.5209	68.1797
-2.0573	-83.3807	-55.1673
99.6025	-6.81103	5.74108
-8.86275	-77.7588	-62.2497
9.89958	34.9306	93.1765
7.35505	99.2289	-9.97668
24.2638	-56.2702	79.0249
-38.0281	-49.3144	-78.243
75.0745	-40.979	-51.8125
45.5379	87.1585	-18.1575
8.27788	85.9059	-50.5139
-78.2893	-9.70998	-61.4533
-93.4739	-0.414723	35.531
99.0055	59.4381	-95.7341
-56.8647	28.3365	-135.88
-39.6471	106.127	98.3116
51.2233	-43.4913	-134.107
93.3124	31.5351	113.13
-107.584	-60.6339	85.1422
112.323	49.3209	86.3188
-0.26965	-138.004	-58.7774
11.3485	148.314	19.3452
30.2244	91.4541	114.99
-45.1489	-86.2766	-114.096
76.8039	76.0702	103.993
-141.543	-25.9805	-42.3157
53.5289	35.924	-135.44
-139.584	-46.9887	28.4338
-21.4954	-142.585	41.3198
17.3216	-106.484	-104.217
-32.888	-75.7358	-125.23
147.269	-18.3091	21.8289
34.8781	39.8353	-140.345
-128.455	41.8612	65.168
60.398	-137.222	4.71375
-148.628	-4.62932	19.7043
55.6724	-118.722	72.8406
27.9976	29.8764	-144.304
-83.7167	-84.8823	91.0303
83.6014	99.351	75.1011
-83.0149	-114.375	50.2678
101.235	82.9855	73.2448
-30.0291	-138.803	48.2897
-78.9877	126.337	-17.3166
-28.7851	91.1209	-115.622
-31.6261	-21.4604	145.049
48.3332	140.196	22.5608
-132.615	-48.9332	-50.1881
-18.2732	-14.6182	-148.163
140.993	45.7456	-22.9866
-147.693	-20.3896	16.4667
141.94	-9.77381	-47.5133
-28.6965	92.8837	-114.233
-50.9732	61.1374	127.138
132.634	-70.0581	-0.216713
-68.0975	-131.858	21.8205
61.6732	107.086	85.024
-39.3507	88.0594	114.878
-133.915	48.8036	46.7438
-59.6605	116.717	72.9233
10.401	-80.6767	126.028
-7.79391	-52.5684	140.271
-135.054	3.99272	-65.1496
-28.2894	86.5578	-119.195
-34.6804	138.845	-44.9378
-115.931	-19.1545	93.2373
124.056	-84.1994	4.53602
69.4124	98.6495	-89.1638
-99.6262	-112.068	3.90709
104.324	106.415	17.1007
119.483	9.25337	90.2123
78.8889	83.7308	-96.2585
-128.791	-75.2095	-16.0135
46.1712	18.9776	-141.45
116.901	87.696	-33.8182
13.5086	-99.0281	111.852
-52.9029	140.36	-0.55422
64.2346	-100.645	90.7989
20.1802	-102.338	-107.795
63.3778	-42.8707	-129.017
-148.339	8.49914	-20.5778
107.415	-99.9414	-31.2036
50.7041	-17.707	-140.056
-120.421	-86.0823	24.2615
-128.306	-38.3024	67.6063
96.4824	113.505	17.5419
-131.037	-21.6512	-69.7166
-7.3049	-93.6509	-116.945
-26.7578	-117.053	89.9034
74.7306	88.8273	95.0002
33.0853	79.1015	123.078
-55.646	-139.286	-1.70486
-125.616	81.486	8.9754
-34.1966	112.464	-93.1796
-57.6616	-105.831	-89.3021
-6.47825	110.205	-101.552
-69.4759	-77.5518	-107.976
-138.503	-52.3171	24.0784
50.5305	96.5003	-103.123
71.4111	114.316	65.82
101.068	-93.0027	-60.298
-25.6859	145.166	-27.6982
-33.843	-15.0554	-145.355
-133.977	-15.0942	-65.7447
56.7101	-130.685	46.9619
11.2697	7.92246	-149.366
-112.162	-50.0508	86.1081
-46.6289	1.04617	142.565
-49.595	110.87	88.0231
17.0041	28.5949	146.264
148.202	-3.9716	-22.8115
85.8658	116.698	38.8412
-125.696	-53.4968	61.9566
33.0514	127.831	71.1809
94.3044	-110.027	-38.7406
-126.041	35.1891	73.3169
-63.9135	-116.035	70.3628
73.587	104.094	-79.0531
0.0234075	-141.073	50.9755
-147.838	-16.1712	19.5568
-67.4659	129.464	34.4577
-84.4753	-38.0156	117.978
-59.7933	42.3691	-130.88
91.3782	-99.1977	65.6493
33.4576	-41.9548	-140.073
-28.7633	-102.301	105.864
-101.685	28.1259	106.626
-42.8445	4.77099	-143.672
-128.133	-52.5475	57.6246
7.78863	-148.085	-22.5841
113.739	47.4866	-85.49
64.6013	115.967	69.8455
133.106	-43.6418	-53.6485
134.98	-26.3584	59.8809
149.712	-8.39107	-4.00549
-12.9614	139.054	-54.7357
90.0905	66.7673	99.6285
36.5661	145.471	1.01807
64.3016	-49.3444	-126.216
22.4657	127.42	75.8912
58.779	50.1197	128.581
-116.887	-91.671	20.8271
18.0477	-83.1396	-123.54
-120.24	-76.8559	-46.2112
27.0417	-140.405	-45.3356
14.1341	-108.156	102.969
-65.6845	-27.8938	131.937
-133.151	-68.9516	4.04726
-10.2814	149.027	13.6067
29.9352	126.771	-74.3842
146.834	29.9309	-6.63404
-92.4357	-43.2134	-109.947
-45.7043	115.476	84.122
-79.1144	-91.9324	-88.2572
66.3671	-80.5464	107.739
47.7925	-12.6626	141.618
34.9339	-144.581	19.3891
-143.434	-38.2543	21.5264
-58.2175	-83.2018	-110.4
129.224	-73.4752	-20.0658
-137.943	16.6512	56.5198
-10.2248	61.2086	-136.561
-73.7223	-76.7388	105.717
-87.9369	-33.726	116.746
-100.864	75.4864	81.4142
93.7951	115.145	-21.0746
0.626332	136.015	63.2421
-137.331	-57.6565	17.7747
-119.855	6.6237	-89.9496
13.5255	-142.535	-44.7297
124.927	48.8255	67.1514
-47.7876	96.8381	104.109
-24.5807	99.7105	109.333
-61.5352	34.4437	132.39
141.718	-3.16983	-49.0493
-105.565	106.347	-6.80318
141.272	22.286	45.227
-141.419	-19.7809	45.9278
-81.56	-1.61326	-125.878
-86.5013	-23.5158	120.269
83.2801	-111.962	55.0359
-43.8815	79.058	-119.684
-72.7352	56.963	118.173
-51.037	-80.7596	115.642
123.153	82.6552	-22.3918
9.24351	107.709	-103.987
88.1506	120.053	17.8004
148.829	0.379278	-18.7
-131.373	68.2155	-24.2428
-107.283	102.066	-23.9346
4.62402	-129.231	76.0137
99.3021	-74.519	84.1784
-121.996	83.8809	-24.1021
-79.5663	35.2135	122.185
-45.9762	-0.0186568	142.78
51.2112	-133.799	-44.4446
-55.9181	-87.3667	-108.352
-64.6582	19.7117	-133.906
93.0503	19.4132	-116.038
92.614	-37.2619	-111.956
-110.783	-27.3838	-97.3512
-26.2107	136.528	56.3299
-12.8277	-134.175	-65.8221
77.2827	77.7044	-102.418
-46.5451	-142.59	1.31978
-131.452	-71.0074	-13.357
-7.31965	149.653	-7.09011
12.4043	141.374	48.5742
112.038	-85.7552	50.9277
-133.074	-61.8023	-31.1727
-88.6277	-115.29	-36.7868
-1.78655	-138.121	-58.476
-119.568	-12.2146	-89.7459
-141.347	173.669	22.0221
-80.6054	189.348	-90.9682
-71.7487	-142.47	158.68
-91.0626	15.3956	205.172
-176.85	-45.8675	-131.321
17.9425	211.506	74.6198
-73.5875	81.6077	196.342
49.0412	89.4997	200.524
-173.145	139.986	-32.4002
-191.898	102.418	57.5384
177.002	112.194	-81.8998
-62.8757	203.826	71.6003
-23.2794	-101.421	199.492
218.48	50.9865	-17.085
2.2566	223.736	23.7113
-114.385	-187.663	48.2051
54.2396	40.2623	214.621
154.812	-105.252	124.821
104.602	-191.533	-54.758
-22.7308	-216.063	-58.5245
-65.8651	-39.7898	211.432
92.5849	21.1644	203.973
151.264	-101.191	-132.305
165.651	-122.14	-90.92
-139.916	-156.683	-80.6145
179.719	-90.4114	100.756
-120.518	-143.569	-124.452
-159.523	144.217	-66.1732
110.925	192.376	-36.224
88.038	-203.51	-38.1823
221.357	-39.0729	-9.96204
116.517	16.4133	-191.779
-112.198	32.7523	192.26
120.557	-163.322	-97.0408
-75.8519	208.386	38.035
-78.9987	-115.149	176.423
-196.083	-69.7201	85.5301
126.451	-185.256	-17.7591
155.931	-119.306	109.893
11.9755	-224.274	13.5195
191.92	83.1422	82.9393
-5.09159	205.374	91.7643
181.05	-118.522	61.6313
110.703	41.3302	-191.473
141.049	52.2481	167.333
-74.9169	4.87621	-212.105
-131.885	182.215	5.36794
142.726	107.132	137.029
-87.7535	35.2731	204.157
166.408	103.946	110.129
-190.963	-46.7408	109.423
-85.1518	-98.7944	-183.341
-205.356	91.5913	-8.05166
-199.813	-69.2693	-76.8217
30.9029	206.113	-84.7789
129.673	-158.103	-93.88
142.57	-3.66367	-174.027
132.717	-3.92244	181.648
0.145638	-100.064	-201.525
176.032	-24.3013	138.012
199.428	-103.169	-14.4795
102.512	-172.478	-101.821
107.784	-13.7875	197.022
195.73	104.803	-36.4839
130.363	-105.781	-149.803
115.011	190.78	-31.6289
152.015	-96.1147	135.198
-211.602	-29.8295	-70.4263
-24.1288	116.341	-191.07
-104.916	-199.002	3.98756
-170.282	146.356	14.4499
67.907	-207.937	-52.6881
-110.889	-143.672	132.992
-50.1262	214.257	-46.9724
114.369	-162.288	-105.865
55.7526	180.459	122.275
-9.36446	-85.1519	-208.054
195.455	57.3901	95.5439
146.401	-22.732	-169.337
103.733	112.21	165.147
-52.0283	198.494	-92.2945
-52.1727	172.648	-134.52
143.091	97.6929	143.548
-209.69	-60.2972	-54.9505
146.219	-114.309	-127.194
153.251	-132.146	-98.3696
-0.71276	-208.672	84.1446
-112.786	-188.852	-47.3213
-96.6551	10.6554	202.902
53.2204	-204.832	-76.3964
8.16835	37.2437	221.746
79.9538	59.6025	201.693
156.624	30.3124	-158.667
-18.3861	-29.1842	-222.34
-24.1553	181.115	131.297
155.781	-159.942	27.8557
144.452	87.4889	-148.675
14.1318	-173.059	-143.095
207.13	-14.8544	-86.6105
-134.514	-53.1596	172.352
-220.988	-34.8273	-24.0079
102.851	172.437	-101.549
113.203	126.208	147.924
-106.42	-191.226	52.2732
41.4886	-220.395	-18.164
29.1938	-10.2229	222.864
-92.2391	28.4377	-203.244
210.825	-78.2177	-7.7265
73.569	207.42	46.7929
-223.943	15.8703	-14.9151
-171.469	131.708	-62.2603
221.2	40.4084	-7.90836
-179.221	-35.6534	131.276
-115.127	-193.108	8.93715
152.378	109.627	-124.048
-178.606	124.917	55.8612
-106.196	-196.039	30.2711
143.331	-106.255	137.081
-176.996	135.538	30.4417
-150.445	81.7419	-145.978
213.737	37.0038	-59.769
107.243	197.587	-9.14058
-123.488	72.4808	-173.558
213.301	-51.1853	50.0757
-44.3079	-219.501	-21.9339
126.15	67.4385	-173.675
53.5314	-128.321	-176.899
-175.698	-121.808	-70.13
158.855	-117.538	-107.587
13.6085	-15.6298	224.044
-198.195	18.4131	-104.904
-117.683	-113.343	-154.69
113.401	-194.114	9.21683
183.718	-46.1047	-121.437
185.939	114.959	-53.2549
-119.297	80.2624	-173.064
-1.62728	-222.338	34.4705
-137.874	-93.8271	-151.037
-81.0786	-208.276	25.9286
35.492	-218.395	-40.8524
158.752	8.86374	159.199
-170.377	-25.0907	144.8
141.663	-35.7408	-171.112
78.8616	135.152	161.678
-56.1341	52.2707	-211.522
95.611	-119.868	164.667
-65.1965	215.143	-9.37357
150.349	21.0804	-166.059
58.1063	-0.127474	217.368
-81.8569	97.5442	-185.498
-125.555	142.967	120.088
41.3799	136.629	-173.911
-100.05	150.321	134.234
-14.2957	80.7359	-209.529
-62.5427	79.6783	-200.91
-203.156	75.1707	-60.8429
67.2637	-44.2997	210.091
59.1145	140.394	165.59
183.926	111.315	-66.3721
-31.968	-222.23	-14.7195
-163.987	149.299	37.9896
-104.885	181.975	80.6791
198.419	83.7861	-65.0758
40.4905	-101.771	-196.541
-89.4449	144.073	-147.877
119.774	167.106	91.4043
199.226	-81.4291	-65.6008
82.3147	-184.933	-98.2301
75.6946	107.728	-182.455
-90.7588	205.848	3.79538
114.886	154.175	116.86
71.9671	-73.5888	-200.076
-15.6606	-105.546	-198.09
155.452	-81.2314	140.93
-182.795	112.324	67.7817
-34.5786	178.424	132.643
20.5553	218.141	51.1575
-203.216	33.4317	-90.6127
199.168	-39.2013	-97.0578
-134.247	158.426	-86.6266
-216.268	61.8007	5.8078
219.392	14.6572	-47.7232
114.188	-126.085	147.271
-28.1207	-55.7593	-216.16
35.8888	-19.2016	221.288
-112.951	-20.1362	-193.55
1.99354	-220.564	-44.4121
158.67	159.219	-9.90185
-93.9243	23.4213	-203.112
-38.278	144.651	168.036
-69.7897	-211.459	32.2378
-54.8232	-97.0693	195.44
62.1296	144.376	-160.999
17.3849	161.664	-155.523
-197.799	98.3836	42.6744
-140.906	34.4007	172.009
175.121	140.729	-12.3718
-11.5393	69.4891	213.689
-29.6403	91.6644	203.332
186.78	-6.44697	-125.286
210.804	-77.9958	10.1647
-53.3801	200.181	87.7678
196.973	-102.093	-37.4623
101.81	193.86	-51.7496
-219.137	48.4209	-16.1063
-8.8178	166.658	-150.906
114.4	26.212	191.965
151.807	108.794	-125.473
192.405	88.7931	-75.6374
-159.655	158.528	-2.09044
148.751	-73.7456	151.854
-59.0034	57.1091	-209.481
-78.7637	199.078	69.2042
219.135	12.8919	49.3813
-21.9855	-17.195	-223.262
109.494	-195.308	22.1569
-145.658	-24.4321	-169.741
8.04896	223.743	-22.3448
-215.086	-54.5743	-37.2093
16.1158	-27.116	-222.778
96.4735	-88.8759	-182.808
59.9654	108.417	187.816
197.817	25.4289	-104.149
82.6462	98.0555	-184.878
-181.561	-132.741	6.34647
-193.727	-113.775	12.251
-51.1778	69.0104	207.95
-197.129	-80.5116	72.6831
-166.227	-148.226	31.9789
-24.8819	185.212	-125.309
-121.68	-61.9277	-178.84
17.6774	-134.667	-179.381
8.44351	54.1356	-218.227
-180.833	-60.9258	119.216
-199.689	90.3694	-50.8198
25.9928	-207.208	-83.7519
-106.545	12.8986	197.754
26.4413	223.44	0.528076
56.6483	209.721	-58.5933
-149.307	-95.1929	138.82
127.427	-113.924	-146.317
-97.9238	163.902	-119.046
89.0207	103.519	178.841
154.835	-117.061	113.788
-165.041	33.1113	-149.299
90.5208	-14.6889	-205.463
-25.5576	194.422	110.327
138.133	177.598	-1.71998
13.2788	-206.467	88.4307
-12.3675	177.017	-138.336
67.4449	39.0786	-211.066
-222.941	-9.06897	28.9826
194.533	-36.5817	106.976
157.873	69.001	-144.707
166.827	133.683	70.1612
41.3796	-3.40928	221.136
102.228	-183.858	-79.8166
11.5189	78.6885	210.477
27.726	145.612	-169.273
-38.2935	-204.842	84.844
-54.1217	199.992	87.7433
-25.252	-221.782	28.2895
-137.592	54.3204	169.537
167.874	65.3017	-134.829
-188.088	-93.26	-80.9347
-167.124	133.091	70.5782
-80.3098	108.934	179.746
37.766	206.757	-80.3133
-132.509	-154.48	-95.9286
-196.219	0.0551251	110.105
210.521	-79.1892	-5.90703
-16.44	-187.635	123.076
31.0394	-79.1185	208.331
-4.19833	-76.0971	-211.699
191.801	116.371	-17.1827
-43.4632	-213.926	-54.5136
123.733	186.575	-22.4747
206.097	-79.0287	43.6311
-5.78382	11.0402	-224.655
39.5514	-129.035	180.029
-76.1261	159.397	-139.364
-197.904	-73.9373	77.4096
158.028	99.9248	125.168
200.333	-8.12762	102.105
206.49	89.3207	-2.92361
-38.7495	6.99438	-221.528
181.152	-22.4507	-131.548
35.7296	-179.812	130.446
107.507	197.396	10.1015
83.139	-178.317	-109.159
223.269	-22.1485	16.8912
-102.638	-118.328	-161.521
221.57	-17.3099	35.1028
-15.7079	-208.332	-83.5215
-197.503	-106.604	15.9122
29.9365	131.831	179.859
-28.7856	-186.773	122.115
-157.164	-76.0262	141.931
-212.365	-68.2915	29.365
-211.33	-57.5311	51.523
49.1014	18.999	-218.754
-62.7755	-60.6131	-207.389
39.2517	217.246	-43.4563
104.649	-193.182	-48.5194
191.971	-96.4848	66.803
-75.9021	-103.923	184.564
79.5919	187.1	-96.3519
161.69	53.8961	-146.889
120.411	-138.514	130.154
-222.878	16.8712	-25.8008
-92.9299	183.549	91.0969
-53.8983	82.2196	-202.386
-124.419	20.6656	186.327
45.1242	-50.7601	-214.505
-219.29	28.6621	-41.4184
-145.36	-170.885	17.1334
-174.064	93.0888	-107.986
-190.679	-100.513	64.5262
-114.337	-189.133	-42.1993
215.873	49.0666	40.2026
196.789	70.3944	83.328
-192.367	0.627277	-116.702
220.15	-40.4822	22.8101
-143.381	85.7217	150.727
-71.5616	112.889	180.997
-36.6794	209.282	74.0302
-172.883	-133.5	53.9844
-26.5698	-118.048	-189.694
-217.015	-47.1142	36.1901
41.4255	30.8117	-218.997
196.958	-14.4047	107.82
-209.894	-70.2667	-40.4002
150.652	-0.350573	-167.119
200.74	70.3011	73.3911
-125.192	-27.8575	-184.867
-3.37988	221.338	40.285
29.6277	-192.085	113.36
94.637	-171.676	110.437
-62.7566	182.92	-115.009
-188.752	-104.329	64.1345
94.9924	125.106	161.09
-68.2221	182.162	113.083
-65.081	9.0778	-215.191
23.5076	-42.9179	-219.614
-90.999	-68.0742	194.191
218.483	35.039	40.7711
-105.719	-195.593	34.5256
211.468	1.09513	76.8447
-28.27	-98.1035	-200.503
-96.6675	166.168	-116.912
137.347	173.934	38.8294
59.2936	-108.311	188.09
-112.186	181.278	71.9555
-111.77	-184.711	63.3601
159.335	-109.275	-115.309
-20.5692	96.8073	-202.065
177.603	132.019	40.6592
71.6346	-210.257	35.8553
-165.328	-140.579	59.4069
-154.894	-100.561	-128.532
-201.549	-85.0466	52.6299
64.5724	-179.447	-119.391
61.688	166.982	137.61
112.353	-75.8904	179.562
122.603	-147.755	-117.311
17.8877	21.4084	-223.264
35.7022	-69.4257	211.022
146.856	-78.5426	-151.292
-152.944	-160.506	38.3537
75.5108	-211.425	14.9244
60.6775	-112.055	-185.437
-98.6693	-57.6284	193.826
-95.4437	-197.236	-51.1228
-203.845	-13.341	-94.3096
135.31	15.7212	-179.078
-221.856	-6.68669	36.8818
-40.2698	-204.146	-85.603
51.6538	-116.059	185.707
150.732	133.851	99.9438
26.141	-64.0087	214.113
94.3621	-23.3419	202.919
182.74	-23.4764	129.151
117.454	-64.6977	180.676
213.314	-68.1299	21.9187
-192.762	16.1062	114.928
182.091	102.915	-82.9255
117.425	-176.793	74.7025
5.02155	224.734	9.71219
182.676	62.4147	115.581
43.8401	-106.778	-193.136
132.322	-162.233	-82.4393
-127.491	-182.05	35.0542
-157.225	-160.362	-13.764
-196.51	11.644	108.964
74.2504	192.863	-88.9696
-32.3945	-158.686	-156.187
-4.18084	206.638	88.9274
158.258	-62.7523	-147.11
-114.039	-81.8928	175.823
-22.2233	-124.091	-186.367
-108.567	-142.002	136.652
-183.286	130.417	-4.7591
-211.025	40.7016	66.608
224.243	15.533	9.93374
-141.965	96.6571	145.356
-165.48	-109.27	-106.309
123.651	149.114	-114.457
103.693	-159.696	119.874
-46.1537	-206.871	-75.4929
-130.774	-7.01523	182.959
-124.977	-140.912	-123.084
132.245	51.8722	174.486
9.69139	-5.00753	224.735
208.536	83.8355	10.4473
143.107	-118.192	127.185
-173.744	-142.028	16.3092
-39.5497	-23.8287	-220.211
102.104	16.6106	-199.809
-45.9213	-71.0303	-208.497
-96.8195	-51.6952	-196.414
107.724	-130.741	-148.078
-4.69323	8.89338	224.775
-145.983	84.3791	-148.977
15.1622	-151.394	-165.756
-200.794	-1.48529	-101.512
149.69	36.6629	-163.933
-133.62	-0.75337	-181.026
220.043	32.6624	-33.7523
102.45	71.6509	-187.07
47.8132	-16.1321	219.268
149.829	-165.867	25.7757
-221.575	-32.9641	-21.0484
-203.828	-92.6806	22.1277
-188.064	-10.8883	-123.039
-108.966	-65.2265	-185.734
-55.7635	216.598	-24.5102
-11.2579	218.421	52.8239
-198.357	71.3667	78.6532
41.5381	-178.822	-130.086
70.7184	-190.998	-95.6233
-162.309	14.996	155.1
-46.4455	24.3274	218.806
209.218	-79.2264	-24.0019
-74.3863	46.4047	-207.216
-211.856	-41.7277	-63.2515
217.145	36.8923	-45.9566
193.905	-111.865	22.6305
133.443	-181.026	-6.91139
175.208	126.394	-62.8629
-50.4159	-202.804	83.3892
